c2
RECALL: 1.0
Precison: 1.0
F1: 1.0
c1
RECALL: 0.6666666666666666
Precison: 0.6666666666666666
F1: 0.6666666666666666
##MACRO AVG
RECALL: 0.8333333333333333
Precison: 0.8333333333333333
F1: 0.8333333333333333
##MICRO AVG
Precision: 0.8
Recall: 0.8
F1: 0.6666666666666666
